6 8 9 7 5 4 3 2 1
3 2 1 6 8 9 7 5 4
7 5 4 3 2 1 6 8 9
2 1 6 8 9 7 5 4 3
5 4 3 2 1 6 8 9 7
8 9 7 5 4 3 2 1 6
1 6 8 9 7 5 4 3 2
4 3 2 1 6 8 9 7 5
9 7 5 4 3 2 1 6 8

6 8 9 7 5 4 3 2 1
3 2 1 6 8 9 7 5 4
7 5 4 3 2 1 6 8 9
2 1 6 8 9 7 5 4 3
5 4 3 2 1 6 8 9 7
8 9 7 5 4 3 2 1 6
1 6 8 9 7 5 4 3 2
9 7 5 4 3 2 1 6 8
4 3 2 1 6 8 9 7 5

6 8 9 7 5 4 3 2 1
3 2 1 6 8 9 7 5 4
7 5 4 3 2 1 6 8 9
2 1 6 8 9 7 5 4 3
5 4 3 2 1 6 8 9 7
8 9 7 5 4 3 2 1 6
4 3 2 1 6 8 9 7 5
1 6 8 9 7 5 4 3 2
9 7 5 4 3 2 1 6 8

6 8 9 7 5 4 3 2 1
3 2 1 6 8 9 7 5 4
7 5 4 3 2 1 6 8 9
2 1 6 8 9 7 5 4 3
5 4 3 2 1 6 8 9 7
8 9 7 5 4 3 2 1 6
4 3 2 1 6 8 9 7 5
9 7 5 4 3 2 1 6 8
1 6 8 9 7 5 4 3 2

6 8 9 7 5 4 3 2 1
3 2 1 6 8 9 7 5 4
7 5 4 3 2 1 6 8 9
2 1 6 8 9 7 5 4 3
5 4 3 2 1 6 8 9 7
8 9 7 5 4 3 2 1 6
9 7 5 4 3 2 1 6 8
1 6 8 9 7 5 4 3 2
4 3 2 1 6 8 9 7 5

6 8 9 7 5 4 3 2 1
3 2 1 6 8 9 7 5 4
7 5 4 3 2 1 6 8 9
2 1 6 8 9 7 5 4 3
5 4 3 2 1 6 8 9 7
8 9 7 5 4 3 2 1 6
9 7 5 4 3 2 1 6 8
4 3 2 1 6 8 9 7 5
1 6 8 9 7 5 4 3 2

6 8 9 7 5 4 3 2 1
3 2 1 6 8 9 7 5 4
7 5 4 3 2 1 6 8 9
2 1 6 8 9 7 5 4 3
8 9 7 5 4 3 2 1 6
5 4 3 2 1 6 8 9 7
1 6 8 9 7 5 4 3 2
4 3 2 1 6 8 9 7 5
9 7 5 4 3 2 1 6 8

6 8 9 7 5 4 3 2 1
3 2 1 6 8 9 7 5 4
7 5 4 3 2 1 6 8 9
2 1 6 8 9 7 5 4 3
8 9 7 5 4 3 2 1 6
5 4 3 2 1 6 8 9 7
1 6 8 9 7 5 4 3 2
9 7 5 4 3 2 1 6 8
4 3 2 1 6 8 9 7 5

6 8 9 7 5 4 3 2 1
3 2 1 6 8 9 7 5 4
7 5 4 3 2 1 6 8 9
2 1 6 8 9 7 5 4 3
8 9 7 5 4 3 2 1 6
5 4 3 2 1 6 8 9 7
4 3 2 1 6 8 9 7 5
1 6 8 9 7 5 4 3 2
9 7 5 4 3 2 1 6 8

6 8 9 7 5 4 3 2 1
3 2 1 6 8 9 7 5 4
7 5 4 3 2 1 6 8 9
2 1 6 8 9 7 5 4 3
8 9 7 5 4 3 2 1 6
5 4 3 2 1 6 8 9 7
4 3 2 1 6 8 9 7 5
9 7 5 4 3 2 1 6 8
1 6 8 9 7 5 4 3 2

6 8 9 7 5 4 3 2 1
3 2 1 6 8 9 7 5 4
7 5 4 3 2 1 6 8 9
2 1 6 8 9 7 5 4 3
8 9 7 5 4 3 2 1 6
5 4 3 2 1 6 8 9 7
9 7 5 4 3 2 1 6 8
1 6 8 9 7 5 4 3 2
4 3 2 1 6 8 9 7 5

6 8 9 7 5 4 3 2 1
3 2 1 6 8 9 7 5 4
7 5 4 3 2 1 6 8 9
2 1 6 8 9 7 5 4 3
8 9 7 5 4 3 2 1 6
5 4 3 2 1 6 8 9 7
9 7 5 4 3 2 1 6 8
4 3 2 1 6 8 9 7 5
1 6 8 9 7 5 4 3 2

6 8 9 7 5 4 3 2 1
3 2 1 6 8 9 7 5 4
7 5 4 3 2 1 6 8 9
5 4 3 2 1 6 8 9 7
2 1 6 8 9 7 5 4 3
8 9 7 5 4 3 2 1 6
1 6 8 9 7 5 4 3 2
4 3 2 1 6 8 9 7 5
9 7 5 4 3 2 1 6 8

6 8 9 7 5 4 3 2 1
3 2 1 6 8 9 7 5 4
7 5 4 3 2 1 6 8 9
5 4 3 2 1 6 8 9 7
2 1 6 8 9 7 5 4 3
8 9 7 5 4 3 2 1 6
1 6 8 9 7 5 4 3 2
9 7 5 4 3 2 1 6 8
4 3 2 1 6 8 9 7 5

6 8 9 7 5 4 3 2 1
3 2 1 6 8 9 7 5 4
7 5 4 3 2 1 6 8 9
5 4 3 2 1 6 8 9 7
2 1 6 8 9 7 5 4 3
8 9 7 5 4 3 2 1 6
4 3 2 1 6 8 9 7 5
1 6 8 9 7 5 4 3 2
9 7 5 4 3 2 1 6 8

6 8 9 7 5 4 3 2 1
3 2 1 6 8 9 7 5 4
7 5 4 3 2 1 6 8 9
5 4 3 2 1 6 8 9 7
2 1 6 8 9 7 5 4 3
8 9 7 5 4 3 2 1 6
4 3 2 1 6 8 9 7 5
9 7 5 4 3 2 1 6 8
1 6 8 9 7 5 4 3 2

6 8 9 7 5 4 3 2 1
3 2 1 6 8 9 7 5 4
7 5 4 3 2 1 6 8 9
5 4 3 2 1 6 8 9 7
2 1 6 8 9 7 5 4 3
8 9 7 5 4 3 2 1 6
9 7 5 4 3 2 1 6 8
1 6 8 9 7 5 4 3 2
4 3 2 1 6 8 9 7 5

6 8 9 7 5 4 3 2 1
3 2 1 6 8 9 7 5 4
7 5 4 3 2 1 6 8 9
5 4 3 2 1 6 8 9 7
2 1 6 8 9 7 5 4 3
8 9 7 5 4 3 2 1 6
9 7 5 4 3 2 1 6 8
4 3 2 1 6 8 9 7 5
1 6 8 9 7 5 4 3 2

6 8 9 7 5 4 3 2 1
3 2 1 6 8 9 7 5 4
7 5 4 3 2 1 6 8 9
5 4 3 2 1 6 8 9 7
8 9 7 5 4 3 2 1 6
2 1 6 8 9 7 5 4 3
1 6 8 9 7 5 4 3 2
4 3 2 1 6 8 9 7 5
9 7 5 4 3 2 1 6 8

6 8 9 7 5 4 3 2 1
3 2 1 6 8 9 7 5 4
7 5 4 3 2 1 6 8 9
5 4 3 2 1 6 8 9 7
8 9 7 5 4 3 2 1 6
2 1 6 8 9 7 5 4 3
1 6 8 9 7 5 4 3 2
9 7 5 4 3 2 1 6 8
4 3 2 1 6 8 9 7 5
